.long
epochs: 1000
arraySize: 30
.float
absoluteLossThresh: 0.1
epsilon: 0.01
zeroFloat: 0.0
learningRate: 0.1
minusTwoInverseN: -0.06666666666666667
inverseN: 0.03333333333333333
xMean: -2.257453483404485e-15
xSD: 1.0
yMean: 7.327471962526033e-16
ySD: 0.9999999999999999
array: -1.2879870520653158,-1.2641549593999581,1.9441809800776002,0.5403911780766986,0.7504185709934614,1.810484502070906,0.08596590933341497,0.9896079825123762,-0.15616514533930825,1.1401148092976638,0.35625173780529895,-0.4724583348304125,0.9756567613866913,0.9243371647738594,1.093906811343144,0.5380875021565155,-0.094224642981169,-1.3117642617504055,-0.724891576082229,-0.6744139238331187,-0.8881892641173277,-0.15378316587176863,-0.251891376256434,-1.1758473824596107,0.13101354741206098,-0.29507528897632407,-0.5334391142479774,-0.5369612605955358,0.11975163789240147,-1.0261084476477178,1.702049925404877,0.8099212607381048,-0.9050821283968209,0.0036346886740670783,0.3280969640061462,1.0379851768362183,1.7808832920425095,0.6486639463252977,-0.5278081594881517,-0.415634328799232,-0.13364132629998926,0.908211433332578,0.4576089234822504,1.0817550193196939,-2.583106646826418,-2.4229039472519887,0.19858500453003397,0.0036346886740670783,-0.24626042149660823,0.9519812758160539,-0.4827605214095057,0.020528312088742066,1.5612760564091053,0.9957511182995296,-0.3250937881342407,0.16105254321990387,-0.8656654450780007,-1.6219926190017118,-1.4794395138995673,-1.1950446817944689,